29,4
31,5
31,3
29,1
29,3
36,35
25,4
25,1
25,3
24,4
24,1
24,3
28,4
28,5
28,1
28,3
27,1
27,3
3,2
3,1
3,3
10,268
10,18
10,4
10,178
10,132
10,198
10,184
10,1
10,298
10,2
10,3
11,25
11,20
11,14
11,23
11,12
11,7
11,13
11,1
11,16
11,2
11,3
9,7
9,6
9,1
9,4
9,2
9,3
8,16
8,6
8,11
8,1
8,9
8,2
8,3
12,2
12,1
12,3
20,2
20,1
20,3
19,2
19,1
19,3
35,11
35,10
35,9
35,8
35,7
35,6
35,5
35,4
35,3
35,2
35,1
35,0
34,5
34,4
34,3
34,2
34,1
34,0
33,75
33,74
33,73
33,72
33,71
33,70
33,69
33,68
33,67
33,66
33,65
33,64
33,37
33,36
33,35
33,34
33,33
33,32
18,1
33,31
18,3
33,30
33,29
33,28
33,27
33,26
33,25
33,24
33,23
33,22
14,3
33,21
33,20
13,1
33,19
13,3
33,18
33,17
33,16
